2347044958012
2347044958026
2347044958031
2347044958043
2347044958053
2347044958056
2347044958065
2347044958069
2347044958071
2347044958098
2347044958101
2347044958103
2347044958117
2347044958129
2347044958130
2347044958162
2347044958165
2347044958169
2347044958178
2347044958190
2347044958194
2347044958199
2347044958201
2347044958222
2347044958226
2347044958236
2347044958247
2347044958252
2347044958255
2347044958258
2347044958262
2347044958283
2347044958292
2347044958314
2347044958319
2347044958320
2347044958363
2347044958369
2347044958385
2347044958386
2347044958396
2347044958402
2347044958406
2347044958418
2347044958444
2347044958452
2347044958458
2347044958477
2347044958490
2347044958493
2347044958520
2347044958529
2347044958539
2347044958546
2347044958553
2347044958554
2347044958555
2347044958566
2347044958578
2347044958584
2347044958593
2347044958602
2347044958621
2347044958643
2347044958652
2347044958654
2347044958659
2347044958665
2347044958684
2347044958689
2347044958706
2347044958707
2347044958731
2347044958736
2347044958740
2347044958750
2347044958751
2347044958759
2347044958762
2347044958790
2347044958798
2347044958805
2347044958821
2347044958828
2347044958832
2347044958835
2347044958837
2347044958857
2347044958859
2347044958864
2347044958877
2347044958890
2347044958894
2347044958910
2347044958914
2347044958916
2347044958923
2347044958958
2347044958963
2347044958970
